D:\#share\othello-with-rl\src (master)
λ python server.py
2019-01-19 18:33:39,679[DEBUG|server.py:211]: start AcceptServer
2019-01-19 18:33:42,326[DEBUG|server.py:59]: start Room thread
2019-01-19 18:33:50,002[DEBUG|server.py:105]: {'type': 0, 'point': [2, 4]}
[[0 0 0 0 0 0 0 0]
 [0 0 0 0 0 0 0 0]
 [0 0 0 0 1 0 0 0]
 [0 0 0 1 1 0 0 0]
 [0 0 0 2 1 0 0 0]
 [0 0 0 0 0 0 0 0]
 [0 0 0 0 0 0 0 0]
 [0 0 0 0 0 0 0 0]]
2019-01-19 18:33:53,009[DEBUG|server.py:105]: {'type': 0, 'point': [2, 3]}
[[0 0 0 0 0 0 0 0]
 [0 0 0 0 0 0 0 0]
 [0 0 0 2 1 0 0 0]
 [0 0 0 2 1 0 0 0]
 [0 0 0 2 1 0 0 0]
 [0 0 0 0 0 0 0 0]
 [0 0 0 0 0 0 0 0]
 [0 0 0 0 0 0 0 0]]
2019-01-19 18:33:56,018[DEBUG|server.py:105]: {'type': 0, 'point': [1, 2]}
[[0 0 0 0 0 0 0 0]
 [0 0 1 0 0 0 0 0]
 [0 0 0 1 1 0 0 0]
 [0 0 0 2 1 0 0 0]
 [0 0 0 2 1 0 0 0]
 [0 0 0 0 0 0 0 0]
 [0 0 0 0 0 0 0 0]
 [0 0 0 0 0 0 0 0]]
2019-01-19 18:33:59,028[DEBUG|server.py:105]: {'type': 0, 'point': [1, 3]}
[[0 0 0 0 0 0 0 0]
 [0 0 1 2 0 0 0 0]
 [0 0 0 2 1 0 0 0]
 [0 0 0 2 1 0 0 0]
 [0 0 0 2 1 0 0 0]
 [0 0 0 0 0 0 0 0]
 [0 0 0 0 0 0 0 0]
 [0 0 0 0 0 0 0 0]]
2019-01-19 18:34:02,033[DEBUG|server.py:105]: {'type': 0, 'point': [0, 2]}
[[0 0 1 0 0 0 0 0]
 [0 0 1 1 0 0 0 0]
 [0 0 0 2 1 0 0 0]
 [0 0 0 2 1 0 0 0]
 [0 0 0 2 1 0 0 0]
 [0 0 0 0 0 0 0 0]
 [0 0 0 0 0 0 0 0]
 [0 0 0 0 0 0 0 0]]
2019-01-19 18:34:05,038[DEBUG|server.py:105]: {'type': 0, 'point': [0, 1]}
[[0 2 1 0 0 0 0 0]
 [0 0 2 1 0 0 0 0]
 [0 0 0 2 1 0 0 0]
 [0 0 0 2 1 0 0 0]
 [0 0 0 2 1 0 0 0]
 [0 0 0 0 0 0 0 0]
 [0 0 0 0 0 0 0 0]
 [0 0 0 0 0 0 0 0]]
2019-01-19 18:34:08,047[DEBUG|server.py:105]: {'type': 0, 'point': [0, 0]}
[[1 1 1 0 0 0 0 0]
 [0 0 2 1 0 0 0 0]
 [0 0 0 2 1 0 0 0]
 [0 0 0 2 1 0 0 0]
 [0 0 0 2 1 0 0 0]
 [0 0 0 0 0 0 0 0]
 [0 0 0 0 0 0 0 0]
 [0 0 0 0 0 0 0 0]]
2019-01-19 18:34:11,061[DEBUG|server.py:105]: {'type': 0, 'point': [0, 3]}
[[1 1 1 2 0 0 0 0]
 [0 0 2 2 0 0 0 0]
 [0 0 0 2 1 0 0 0]
 [0 0 0 2 1 0 0 0]
 [0 0 0 2 1 0 0 0]
 [0 0 0 0 0 0 0 0]
 [0 0 0 0 0 0 0 0]
 [0 0 0 0 0 0 0 0]]
2019-01-19 18:34:14,073[DEBUG|server.py:105]: {'type': 0, 'point': [0, 4]}
[[1 1 1 1 1 0 0 0]
 [0 0 2 2 0 0 0 0]
 [0 0 0 2 1 0 0 0]
 [0 0 0 2 1 0 0 0]
 [0 0 0 2 1 0 0 0]
 [0 0 0 0 0 0 0 0]
 [0 0 0 0 0 0 0 0]
 [0 0 0 0 0 0 0 0]]
2019-01-19 18:34:17,077[DEBUG|server.py:105]: {'type': 0, 'point': [1, 5]}
[[1 1 1 1 1 0 0 0]
 [0 0 2 2 0 2 0 0]
 [0 0 0 2 2 0 0 0]
 [0 0 0 2 1 0 0 0]
 [0 0 0 2 1 0 0 0]
 [0 0 0 0 0 0 0 0]
 [0 0 0 0 0 0 0 0]
 [0 0 0 0 0 0 0 0]]
2019-01-19 18:34:20,084[DEBUG|server.py:105]: {'type': 0, 'point': [1, 4]}
[[1 1 1 1 1 0 0 0]
 [0 0 2 2 1 2 0 0]
 [0 0 0 2 1 0 0 0]
 [0 0 0 2 1 0 0 0]
 [0 0 0 2 1 0 0 0]
 [0 0 0 0 0 0 0 0]
 [0 0 0 0 0 0 0 0]
 [0 0 0 0 0 0 0 0]]
2019-01-19 18:34:23,095[DEBUG|server.py:105]: {'type': 0, 'point': [0, 5]}
[[1 1 1 1 1 2 0 0]
 [0 0 2 2 2 2 0 0]
 [0 0 0 2 1 0 0 0]
 [0 0 0 2 1 0 0 0]
 [0 0 0 2 1 0 0 0]
 [0 0 0 0 0 0 0 0]
 [0 0 0 0 0 0 0 0]
 [0 0 0 0 0 0 0 0]]
2019-01-19 18:34:26,100[DEBUG|server.py:105]: {'type': 0, 'point': [0, 6]}
[[1 1 1 1 1 1 1 0]
 [0 0 2 2 2 1 0 0]
 [0 0 0 2 1 0 0 0]
 [0 0 0 2 1 0 0 0]
 [0 0 0 2 1 0 0 0]
 [0 0 0 0 0 0 0 0]
 [0 0 0 0 0 0 0 0]
 [0 0 0 0 0 0 0 0]]
2019-01-19 18:34:29,106[DEBUG|server.py:105]: {'type': 0, 'point': [1, 6]}
[[1 1 1 1 1 1 1 0]
 [0 0 2 2 2 2 2 0]
 [0 0 0 2 1 0 0 0]
 [0 0 0 2 1 0 0 0]
 [0 0 0 2 1 0 0 0]
 [0 0 0 0 0 0 0 0]
 [0 0 0 0 0 0 0 0]
 [0 0 0 0 0 0 0 0]]
2019-01-19 18:34:32,115[DEBUG|server.py:105]: {'type': 0, 'point': [2, 1]}
[[1 1 1 1 1 1 1 0]
 [0 0 1 2 2 2 2 0]
 [0 1 0 2 1 0 0 0]
 [0 0 0 2 1 0 0 0]
 [0 0 0 2 1 0 0 0]
 [0 0 0 0 0 0 0 0]
 [0 0 0 0 0 0 0 0]
 [0 0 0 0 0 0 0 0]]
2019-01-19 18:34:35,121[DEBUG|server.py:105]: {'type': 0, 'point': [1, 1]}
[[1 1 1 1 1 1 1 0]
 [0 2 2 2 2 2 2 0]
 [0 1 0 2 1 0 0 0]
 [0 0 0 2 1 0 0 0]
 [0 0 0 2 1 0 0 0]
 [0 0 0 0 0 0 0 0]
 [0 0 0 0 0 0 0 0]
 [0 0 0 0 0 0 0 0]]
2019-01-19 18:34:38,132[DEBUG|server.py:105]: {'type': 0, 'point': [2, 0]}
[[1 1 1 1 1 1 1 0]
 [0 1 2 2 2 2 2 0]
 [1 1 0 2 1 0 0 0]
 [0 0 0 2 1 0 0 0]
 [0 0 0 2 1 0 0 0]
 [0 0 0 0 0 0 0 0]
 [0 0 0 0 0 0 0 0]
 [0 0 0 0 0 0 0 0]]
2019-01-19 18:34:41,138[DEBUG|server.py:105]: {'type': 0, 'point': [1, 0]}
[[1 1 1 1 1 1 1 0]
 [2 2 2 2 2 2 2 0]
 [1 1 0 2 1 0 0 0]
 [0 0 0 2 1 0 0 0]
 [0 0 0 2 1 0 0 0]
 [0 0 0 0 0 0 0 0]
 [0 0 0 0 0 0 0 0]
 [0 0 0 0 0 0 0 0]]
2019-01-19 18:34:44,150[DEBUG|server.py:105]: {'type': 0, 'point': [2, 2]}
[[1 1 1 1 1 1 1 0]
 [2 1 1 1 2 2 2 0]
 [1 1 1 1 1 0 0 0]
 [0 0 0 1 1 0 0 0]
 [0 0 0 2 1 0 0 0]
 [0 0 0 0 0 0 0 0]
 [0 0 0 0 0 0 0 0]
 [0 0 0 0 0 0 0 0]]
2019-01-19 18:34:47,153[DEBUG|server.py:105]: {'type': 0, 'point': [2, 5]}
[[1 1 1 1 1 1 1 0]
 [2 1 1 1 2 2 2 0]
 [1 1 1 1 1 2 0 0]
 [0 0 0 1 2 0 0 0]
 [0 0 0 2 1 0 0 0]
 [0 0 0 0 0 0 0 0]
 [0 0 0 0 0 0 0 0]
 [0 0 0 0 0 0 0 0]]
2019-01-19 18:34:50,160[DEBUG|server.py:105]: {'type': 0, 'point': [1, 7]}
[[1 1 1 1 1 1 1 0]
 [2 1 1 1 1 1 1 1]
 [1 1 1 1 1 2 0 0]
 [0 0 0 1 2 0 0 0]
 [0 0 0 2 1 0 0 0]
 [0 0 0 0 0 0 0 0]
 [0 0 0 0 0 0 0 0]
 [0 0 0 0 0 0 0 0]]
2019-01-19 18:34:53,166[DEBUG|server.py:105]: {'type': 0, 'point': [0, 7]}
[[1 1 1 1 1 1 1 2]
 [2 1 1 1 1 1 2 1]
 [1 1 1 1 1 2 0 0]
 [0 0 0 1 2 0 0 0]
 [0 0 0 2 1 0 0 0]
 [0 0 0 0 0 0 0 0]
 [0 0 0 0 0 0 0 0]
 [0 0 0 0 0 0 0 0]]
2019-01-19 18:34:56,174[DEBUG|server.py:105]: {'type': 0, 'point': [2, 6]}
[[1 1 1 1 1 1 1 2]
 [2 1 1 1 1 1 1 1]
 [1 1 1 1 1 1 1 0]
 [0 0 0 1 2 0 0 0]
 [0 0 0 2 1 0 0 0]
 [0 0 0 0 0 0 0 0]
 [0 0 0 0 0 0 0 0]
 [0 0 0 0 0 0 0 0]]
2019-01-19 18:34:59,180[DEBUG|server.py:105]: {'type': 0, 'point': [2, 7]}
[[1 1 1 1 1 1 1 2]
 [2 1 1 1 1 1 1 2]
 [1 1 1 1 1 1 1 2]
 [0 0 0 1 2 0 0 0]
 [0 0 0 2 1 0 0 0]
 [0 0 0 0 0 0 0 0]
 [0 0 0 0 0 0 0 0]
 [0 0 0 0 0 0 0 0]]
2019-01-19 18:35:02,184[DEBUG|server.py:105]: {'type': 0, 'point': [3, 5]}
[[1 1 1 1 1 1 1 2]
 [2 1 1 1 1 1 1 2]
 [1 1 1 1 1 1 1 2]
 [0 0 0 1 1 1 0 0]
 [0 0 0 2 1 0 0 0]
 [0 0 0 0 0 0 0 0]
 [0 0 0 0 0 0 0 0]
 [0 0 0 0 0 0 0 0]]
2019-01-19 18:35:05,191[DEBUG|server.py:105]: {'type': 0, 'point': [3, 0]}
[[1 1 1 1 1 1 1 2]
 [2 1 1 1 1 1 1 2]
 [2 1 1 1 1 1 1 2]
 [2 0 0 1 1 1 0 0]
 [0 0 0 2 1 0 0 0]
 [0 0 0 0 0 0 0 0]
 [0 0 0 0 0 0 0 0]
 [0 0 0 0 0 0 0 0]]
2019-01-19 18:35:08,198[DEBUG|server.py:105]: {'type': 0, 'point': [4, 0]}
[[1 1 1 1 1 1 1 2]
 [1 1 1 1 1 1 1 2]
 [1 1 1 1 1 1 1 2]
 [1 0 0 1 1 1 0 0]
 [1 0 0 2 1 0 0 0]
 [0 0 0 0 0 0 0 0]
 [0 0 0 0 0 0 0 0]
 [0 0 0 0 0 0 0 0]]
2019-01-19 18:35:11,203[DEBUG|server.py:105]: {'type': 0, 'point': [4, 5]}
[[1 1 1 1 1 1 1 2]
 [1 1 1 1 1 1 1 2]
 [1 1 1 1 1 1 1 2]
 [1 0 0 1 1 1 0 0]
 [1 0 0 2 2 2 0 0]
 [0 0 0 0 0 0 0 0]
 [0 0 0 0 0 0 0 0]
 [0 0 0 0 0 0 0 0]]
2019-01-19 18:35:14,212[DEBUG|server.py:105]: {'type': 0, 'point': [5, 2]}
[[1 1 1 1 1 1 1 2]
 [1 1 1 1 1 1 1 2]
 [1 1 1 1 1 1 1 2]
 [1 0 0 1 1 1 0 0]
 [1 0 0 1 2 2 0 0]
 [0 0 1 0 0 0 0 0]
 [0 0 0 0 0 0 0 0]
 [0 0 0 0 0 0 0 0]]
2019-01-19 18:35:17,222[DEBUG|server.py:105]: {'type': 0, 'point': [4, 2]}
[[1 1 1 1 1 1 1 2]
 [1 1 1 1 1 1 1 2]
 [1 1 1 1 1 1 1 2]
 [1 0 0 1 1 1 0 0]
 [1 0 2 2 2 2 0 0]
 [0 0 1 0 0 0 0 0]
 [0 0 0 0 0 0 0 0]
 [0 0 0 0 0 0 0 0]]
2019-01-19 18:35:20,228[DEBUG|server.py:105]: {'type': 0, 'point': [3, 2]}
[[1 1 1 1 1 1 1 2]
 [1 1 1 1 1 1 1 2]
 [1 1 1 1 1 1 1 2]
 [1 0 1 1 1 1 0 0]
 [1 0 1 2 2 2 0 0]
 [0 0 1 0 0 0 0 0]
 [0 0 0 0 0 0 0 0]
 [0 0 0 0 0 0 0 0]]
2019-01-19 18:35:23,233[DEBUG|server.py:105]: {'type': 0, 'point': [4, 1]}
[[1 1 1 1 1 1 1 2]
 [1 1 1 1 1 1 1 2]
 [1 1 1 1 1 1 1 2]
 [1 0 1 1 1 1 0 0]
 [1 2 2 2 2 2 0 0]
 [0 0 1 0 0 0 0 0]
 [0 0 0 0 0 0 0 0]
 [0 0 0 0 0 0 0 0]]
2019-01-19 18:35:26,240[DEBUG|server.py:105]: {'type': 0, 'point': [4, 6]}
[[1 1 1 1 1 1 1 2]
 [1 1 1 1 1 1 1 2]
 [1 1 1 1 1 1 1 2]
 [1 0 1 1 1 1 0 0]
 [1 1 1 1 1 1 1 0]
 [0 0 1 0 0 0 0 0]
 [0 0 0 0 0 0 0 0]
 [0 0 0 0 0 0 0 0]]
2019-01-19 18:35:29,248[DEBUG|server.py:105]: {'type': 0, 'point': [5, 3]}
[[1 1 1 1 1 1 1 2]
 [1 1 1 1 1 1 1 2]
 [1 1 1 1 1 1 2 2]
 [1 0 1 1 1 2 0 0]
 [1 1 1 1 2 1 1 0]
 [0 0 1 2 0 0 0 0]
 [0 0 0 0 0 0 0 0]
 [0 0 0 0 0 0 0 0]]
2019-01-19 18:35:32,258[DEBUG|server.py:105]: {'type': 0, 'point': [3, 6]}
[[1 1 1 1 1 1 1 2]
 [1 1 1 1 1 1 1 2]
 [1 1 1 1 1 1 1 2]
 [1 0 1 1 1 1 1 0]
 [1 1 1 1 2 1 1 0]
 [0 0 1 2 0 0 0 0]
 [0 0 0 0 0 0 0 0]
 [0 0 0 0 0 0 0 0]]
2019-01-19 18:35:35,269[DEBUG|server.py:105]: {'type': 0, 'point': [3, 1]}
[[1 1 1 1 1 1 1 2]
 [1 1 1 1 1 1 1 2]
 [1 1 1 1 1 1 1 2]
 [1 2 1 1 1 1 1 0]
 [1 1 2 1 2 1 1 0]
 [0 0 1 2 0 0 0 0]
 [0 0 0 0 0 0 0 0]
 [0 0 0 0 0 0 0 0]]
2019-01-19 18:35:38,273[DEBUG|server.py:105]: {'type': 0, 'point': [5, 1]}
[[1 1 1 1 1 1 1 2]
 [1 1 1 1 1 1 1 2]
 [1 1 1 1 1 1 1 2]
 [1 2 1 1 1 1 1 0]
 [1 1 1 1 2 1 1 0]
 [0 1 1 2 0 0 0 0]
 [0 0 0 0 0 0 0 0]
 [0 0 0 0 0 0 0 0]]
2019-01-19 18:35:41,278[DEBUG|server.py:105]: {'type': 0, 'point': [3, 7]}
[[1 1 1 1 1 1 1 2]
 [1 1 1 1 1 1 1 2]
 [1 1 1 1 1 1 1 2]
 [1 2 2 2 2 2 2 2]
 [1 1 1 1 2 1 1 0]
 [0 1 1 2 0 0 0 0]
 [0 0 0 0 0 0 0 0]
 [0 0 0 0 0 0 0 0]]
2019-01-19 18:35:44,285[DEBUG|server.py:105]: {'type': 0, 'point': [4, 7]}
[[1 1 1 1 1 1 1 2]
 [1 1 1 1 1 1 1 2]
 [1 1 1 1 1 1 1 2]
 [1 2 2 2 2 2 1 2]
 [1 1 1 1 2 1 1 1]
 [0 1 1 2 0 0 0 0]
 [0 0 0 0 0 0 0 0]
 [0 0 0 0 0 0 0 0]]
2019-01-19 18:35:47,292[DEBUG|server.py:105]: {'type': 0, 'point': [5, 0]}
[[1 1 1 1 1 1 1 2]
 [1 1 1 1 1 1 1 2]
 [1 1 1 1 1 1 1 2]
 [1 2 2 2 2 2 1 2]
 [1 2 1 1 2 1 1 1]
 [2 2 2 2 0 0 0 0]
 [0 0 0 0 0 0 0 0]
 [0 0 0 0 0 0 0 0]]
2019-01-19 18:35:50,296[DEBUG|server.py:105]: {'type': 0, 'point': [5, 4]}
[[1 1 1 1 1 1 1 2]
 [1 1 1 1 1 1 1 2]
 [1 1 1 1 1 1 1 2]
 [1 2 2 2 1 2 1 2]
 [1 2 1 1 1 1 1 1]
 [2 2 2 2 1 0 0 0]
 [0 0 0 0 0 0 0 0]
 [0 0 0 0 0 0 0 0]]
2019-01-19 18:35:53,300[DEBUG|server.py:105]: {'type': 0, 'point': [5, 5]}
[[1 1 1 1 1 1 1 2]
 [1 1 1 1 1 1 1 2]
 [1 1 1 1 1 1 1 2]
 [1 2 2 2 1 2 1 2]
 [1 2 1 1 2 2 2 1]
 [2 2 2 2 2 2 0 0]
 [0 0 0 0 0 0 0 0]
 [0 0 0 0 0 0 0 0]]
2019-01-19 18:35:56,306[DEBUG|server.py:105]: {'type': 0, 'point': [5, 6]}
[[1 1 1 1 1 1 1 2]
 [1 1 1 1 1 1 1 2]
 [1 1 1 1 1 1 1 2]
 [1 2 2 2 1 2 1 2]
 [1 2 1 1 2 1 1 1]
 [2 2 2 2 2 2 1 0]
 [0 0 0 0 0 0 0 0]
 [0 0 0 0 0 0 0 0]]
2019-01-19 18:35:59,311[DEBUG|server.py:105]: {'type': 0, 'point': [5, 7]}
[[1 1 1 1 1 1 1 2]
 [1 1 1 1 1 1 1 2]
 [1 1 1 1 1 1 1 2]
 [1 2 2 2 1 2 1 2]
 [1 2 1 1 2 1 2 2]
 [2 2 2 2 2 2 2 2]
 [0 0 0 0 0 0 0 0]
 [0 0 0 0 0 0 0 0]]
2019-01-19 18:36:02,315[DEBUG|server.py:105]: {'type': 0, 'point': [6, 0]}
[[1 1 1 1 1 1 1 2]
 [1 1 1 1 1 1 1 2]
 [1 1 1 1 1 1 1 2]
 [1 2 2 2 1 2 1 2]
 [1 2 1 1 2 1 2 2]
 [1 1 2 2 2 2 2 2]
 [1 0 0 0 0 0 0 0]
 [0 0 0 0 0 0 0 0]]
2019-01-19 18:36:05,318[DEBUG|server.py:105]: {'type': 0, 'point': [6, 1]}
[[1 1 1 1 1 1 1 2]
 [1 1 1 1 1 1 1 2]
 [1 1 1 1 1 1 1 2]
 [1 2 2 2 1 2 1 2]
 [1 2 1 1 2 1 2 2]
 [1 2 2 2 2 2 2 2]
 [1 2 0 0 0 0 0 0]
 [0 0 0 0 0 0 0 0]]
2019-01-19 18:36:08,322[DEBUG|server.py:105]: {'type': 0, 'point': [6, 2]}
[[1 1 1 1 1 1 1 2]
 [1 1 1 1 1 1 1 2]
 [1 1 1 1 1 1 1 2]
 [1 2 2 2 1 1 1 2]
 [1 2 1 1 1 1 2 2]
 [1 1 1 1 2 2 2 2]
 [1 1 1 0 0 0 0 0]
 [0 0 0 0 0 0 0 0]]
2019-01-19 18:36:11,328[DEBUG|server.py:105]: {'type': 0, 'point': [6, 3]}
[[1 1 1 1 1 1 1 2]
 [1 1 1 1 1 1 1 2]
 [1 1 1 1 1 1 1 2]
 [1 2 2 2 1 1 1 2]
 [1 2 1 2 1 1 2 2]
 [1 1 2 2 2 2 2 2]
 [1 1 1 2 0 0 0 0]
 [0 0 0 0 0 0 0 0]]
2019-01-19 18:36:14,331[DEBUG|server.py:105]: {'type': 0, 'point': [6, 4]}
[[1 1 1 1 1 1 1 2]
 [1 1 1 1 1 1 1 2]
 [1 1 1 1 1 1 1 2]
 [1 2 2 2 1 1 1 2]
 [1 2 1 2 1 1 2 2]
 [1 1 2 1 1 2 2 2]
 [1 1 1 1 1 0 0 0]
 [0 0 0 0 0 0 0 0]]
2019-01-19 18:36:17,338[DEBUG|server.py:105]: {'type': 0, 'point': [6, 5]}
[[1 1 1 1 1 1 1 2]
 [1 1 1 1 1 1 1 2]
 [1 1 1 1 1 1 1 2]
 [1 2 2 2 1 1 1 2]
 [1 2 1 2 1 1 2 2]
 [1 1 2 1 2 2 2 2]
 [1 1 1 1 1 2 0 0]
 [0 0 0 0 0 0 0 0]]
2019-01-19 18:36:20,342[DEBUG|server.py:105]: {'type': 0, 'point': [6, 6]}
[[1 1 1 1 1 1 1 2]
 [1 1 1 1 1 1 1 2]
 [1 1 1 1 1 1 1 2]
 [1 2 2 2 1 1 1 2]
 [1 2 1 2 1 1 1 2]
 [1 1 2 1 2 1 1 2]
 [1 1 1 1 1 1 1 0]
 [0 0 0 0 0 0 0 0]]
2019-01-19 18:36:23,347[DEBUG|server.py:105]: {'type': 0, 'point': [7, 0]}
[[1 1 1 1 1 1 1 2]
 [1 1 1 1 1 1 1 2]
 [1 1 1 1 1 1 1 2]
 [1 2 2 2 1 1 1 2]
 [1 2 1 2 1 1 1 2]
 [1 1 2 1 2 1 1 2]
 [1 2 1 1 1 1 1 0]
 [2 0 0 0 0 0 0 0]]
2019-01-19 18:36:26,351[DEBUG|server.py:105]: {'type': 0, 'point': [7, 1]}
[[1 1 1 1 1 1 1 2]
 [1 1 1 1 1 1 1 2]
 [1 1 1 1 1 1 1 2]
 [1 2 2 2 1 1 1 2]
 [1 2 1 2 1 1 1 2]
 [1 1 2 1 2 1 1 2]
 [1 1 1 1 1 1 1 0]
 [2 1 0 0 0 0 0 0]]
2019-01-19 18:36:29,359[DEBUG|server.py:105]: {'type': 0, 'point': [7, 2]}
[[1 1 1 1 1 1 1 2]
 [1 1 1 1 1 1 1 2]
 [1 1 1 1 1 1 1 2]
 [1 2 2 2 1 1 1 2]
 [1 2 1 2 1 1 1 2]
 [1 1 2 1 2 1 1 2]
 [1 1 2 2 1 1 1 0]
 [2 2 2 0 0 0 0 0]]
2019-01-19 18:36:32,367[DEBUG|server.py:105]: {'type': 0, 'point': [7, 3]}
[[1 1 1 1 1 1 1 2]
 [1 1 1 1 1 1 1 2]
 [1 1 1 1 1 1 1 2]
 [1 2 2 2 1 1 1 2]
 [1 2 1 2 1 1 1 2]
 [1 1 2 1 2 1 1 2]
 [1 1 1 1 1 1 1 0]
 [2 2 2 1 0 0 0 0]]
2019-01-19 18:36:35,372[DEBUG|server.py:105]: {'type': 0, 'point': [7, 4]}
[[1 1 1 1 1 1 1 2]
 [1 1 1 1 1 1 1 2]
 [1 1 1 1 1 1 1 2]
 [1 2 2 2 1 1 1 2]
 [1 2 1 2 1 1 1 2]
 [1 1 2 1 2 1 2 2]
 [1 1 1 2 2 2 1 0]
 [2 2 2 2 2 0 0 0]]
2019-01-19 18:36:38,375[DEBUG|server.py:105]: {'type': 0, 'point': [6, 7]}
[[1 1 1 1 1 1 1 2]
 [1 1 1 1 1 1 1 2]
 [1 1 1 1 1 1 1 2]
 [1 2 2 2 1 1 1 2]
 [1 2 1 2 1 1 1 2]
 [1 1 2 1 2 1 1 2]
 [1 1 1 2 2 2 1 1]
 [2 2 2 2 2 0 0 0]]
2019-01-19 18:36:41,381[DEBUG|server.py:105]: {'type': 0, 'point': [7, 5]}
[[1 1 1 1 1 1 1 2]
 [1 1 1 1 1 1 1 2]
 [1 1 1 1 1 1 1 2]
 [1 2 2 2 1 1 1 2]
 [1 2 1 2 1 1 1 2]
 [1 1 2 1 2 1 1 2]
 [1 1 1 2 2 2 2 1]
 [2 2 2 2 2 2 0 0]]
2019-01-19 18:36:44,389[DEBUG|server.py:105]: {'type': 0, 'point': [7, 6]}
[[1 1 1 1 1 1 1 2]
 [1 1 1 1 1 1 1 2]
 [1 1 1 1 1 1 1 2]
 [1 2 1 2 1 1 1 2]
 [1 2 1 1 1 1 1 2]
 [1 1 2 1 1 1 1 2]
 [1 1 1 2 2 1 1 1]
 [2 2 2 2 2 2 1 0]]
2019-01-19 18:36:47,393[DEBUG|server.py:105]: {'type': 0, 'point': [7, 7]}
[[1 1 1 1 1 1 1 2]
 [1 1 1 1 1 1 1 2]
 [1 1 1 1 1 1 1 2]
 [1 2 1 2 1 1 1 2]
 [1 2 1 1 2 1 1 2]
 [1 1 2 1 1 2 1 2]
 [1 1 1 2 2 1 2 2]
 [2 2 2 2 2 2 2 2]]

D:\#share\othello-with-rl\src (master)
λ